-1.000000000000000000e+00
-9.978783902485460766e-01
-9.956747467229760673e-01
-9.930488546282193463e-01
-9.907348711691128518e-01
-9.878796450948490460e-01
-9.857047584637219639e-01
-9.834231377792393980e-01
-9.818378125576940896e-01
-9.803142380342472206e-01
-9.795322127700083481e-01
-9.789164185821102038e-01
-9.790776915732022356e-01
-9.794623488415028500e-01
-9.806552641523584857e-01
-9.821517945744484557e-01
-9.844584761261885308e-01
-9.873051382350226390e-01
-9.908551272731468407e-01
-9.958697346937598338e-01
-1.001160101801209290e+00
-1.007886420543709027e+00
-1.014495277739315027e+00
-1.021468689421213050e+00
-1.028604275564248161e+00
-1.035988216704744724e+00
-1.043481506161727967e+00
-1.051119030825948597e+00
-1.058898356728283918e+00
-1.066746825383088737e+00
-1.074727179105510855e+00
-1.082754499417289740e+00
-1.090876383936813410e+00
-1.099073721499123080e+00
-1.107295849487676564e+00
-1.115585317288608991e+00
-1.123964932094064340e+00
-1.132535297961091203e+00
-1.140872904262438814e+00
-1.149037157874088333e+00
-1.157491504546293681e+00
-1.165704347393381246e+00
-1.174264075913874272e+00
-1.182603214714298856e+00
-1.191239387894627466e+00
-1.199636671512969599e+00
-1.207465127532770133e+00
-1.212934256150189238e+00
-1.217214255630942432e+00
-1.221103287553078509e+00
-1.223722689063509561e+00
-1.225283854887842638e+00
-1.225984206965983647e+00
-1.225288091797055223e+00
-1.220416096937598116e+00
-1.213226512738853513e+00
-1.205909640969722085e+00
-1.197311599972306739e+00
-1.187387586685359597e+00
-1.173773135327240924e+00
-1.160172115872796006e+00
-1.144718665622403764e+00
-1.122209409327979301e+00
-1.090339648671882156e+00
-1.048049525321933073e+00
-9.918664865168927980e-01
-9.429343318736730373e-01
-8.950740251142342840e-01
-8.513101785343395456e-01
-8.140983965372011744e-01
-7.794869950325394869e-01
-7.468460267527462504e-01
-7.148863895331394325e-01
-6.846897122074909747e-01
-6.518187338456568058e-01
-6.219162963427721236e-01
-5.929678395152543358e-01
-5.643897065823179071e-01
-5.375885964760453994e-01
-5.134243313255792973e-01
-4.916500435590325790e-01
-4.749877219779839455e-01
-4.652415236574586888e-01
-4.620643375565401945e-01
-4.634436768727499545e-01
-4.686365950683097914e-01
-4.756785184736453398e-01
-4.845476765871642444e-01
-4.938965069117511320e-01
-5.040061779545139675e-01
-5.140450835987261380e-01
-5.242797885367627142e-01
-5.341689600064617460e-01
-5.439273732460998545e-01
-5.530787365572786829e-01
-5.619990530958645092e-01
-5.701614136204190553e-01
-5.778054288689652429e-01
-5.843552848501107899e-01
-5.902253422701467800e-01
-5.949617560348010592e-01
-5.989972317657851208e-01
-6.019294433819117884e-01
-6.040935574459983526e-01
-6.051587795249468993e-01
-6.055180153379718933e-01
-6.049661353762808558e-01
-6.038480420791794145e-01
-6.020555590412397517e-01
-5.997426122726853270e-01
-5.968435296807209633e-01
-5.935963444307901238e-01
-5.898913025448859759e-01
-5.858086799305363135e-01
-5.813701118688267000e-01
-5.767159121722975623e-01
-5.717690051520816219e-01
-5.666746176324656270e-01
-5.613639674489984133e-01
-5.559816954704375203e-01
-5.504067793432105837e-01
-5.447983285303009682e-01
-5.390428028795116733e-01
-5.331793261908058801e-01
-5.272052391275501293e-01
-5.212467474960768010e-01
-5.151940522448767990e-01
-5.091182793605187884e-01
-5.028971895048693908e-01
-4.966066864557370786e-01
-4.901768612111142009e-01
-4.838897386746515150e-01
-4.775296872115296076e-01
-4.714341270596787425e-01
-4.651261805651712433e-01
-4.587596385177236114e-01
-4.524705327471614247e-01
-4.465602246896058225e-01
-4.405406584625680688e-01
-4.344618656535585988e-01
-4.285829287535770082e-01
-4.228759472647235507e-01
-4.171185736003415467e-01
-4.114295764388904431e-01
-4.059736543576341061e-01
-4.009032910147235507e-01
-3.962070828140865641e-01
-3.918421197815701862e-01
-3.877860905335548947e-01
-3.841767396929520739e-01
-3.809279768704421643e-01
-3.780512732723506630e-01
-3.754686292030139372e-01
-3.732677351610818595e-01
-3.713629514922574537e-01
-3.698335624870188187e-01
-3.685531369715221994e-01
-3.676042946754131124e-01
-3.668875358424489863e-01
-3.664668197723391363e-01
-3.662385450201352532e-01
-3.662567547150489267e-01
-3.664252169297516626e-01
-3.667979297199528976e-01
-3.672821092812471044e-01
-3.679266152900858566e-01
-3.686456954084164073e-01
-3.694827328821655987e-01
-3.703650016154343416e-01
-3.713248643828463980e-01
-3.723007282435613630e-01
-3.733213500920220529e-01
-3.743306584914151136e-01
-3.753564637926359304e-01
-3.763517994063279026e-01
-3.773406895091964142e-01
-3.782830186842287556e-01
-3.792072508481030280e-01
-3.800697773873811247e-01
-3.808958394633296662e-01
-3.816514516552432235e-01
-3.823570773331487205e-01
-3.829861231307117309e-01
-3.835584664624296369e-01
-3.840508494011354301e-01
-3.844837353168559235e-01
-3.848363453250484567e-01
-3.851319373528800938e-01
-3.853506790593556608e-01
-3.855136648435336655e-01
-3.856076881692513392e-01
-3.856436568240561025e-01
-3.856153506646358142e-01
-3.855356156391350764e-01
-3.854022882194452215e-01
-3.852246986205344892e-01
-3.850045145619865328e-01
-3.847460180265162011e-01
-3.844548882754084684e-01
-3.841308548676497514e-01
-3.837827071361811226e-01
-3.834068842743238448e-01
-3.830185760523400762e-01
-3.826136807815240237e-01
-3.822039175724637472e-01
-3.817891512046524549e-01
-3.813809204946690401e-01
-3.809717883146404582e-01
-3.805727075256161718e-01
-3.801799370269084988e-01
-3.798008237993861225e-01
-3.794296435082618046e-01
-3.790728416643588949e-01
-3.787324015017770051e-01
-3.784099005930951498e-01
-3.781020936461506610e-01
-3.778160121272962080e-01
-3.775474867375727128e-01
-3.772997176956406351e-01
-3.770688286803055567e-01
-3.768589213802732152e-01
-3.766635728214714485e-01
-3.764895440292393425e-01
-3.763304571030069989e-01
-3.761910672972629821e-01
-3.760665742840164083e-01
-3.759612600459821818e-01
-3.758662000297124384e-01
-3.757895300023654794e-01
-3.757196660738599814e-01
-3.756670878334718022e-01
-3.756180478630111730e-01
-3.755843328833194938e-01
-3.755482740815102027e-01
-3.755279684687413688e-01
-3.755031329689951791e-01
-3.754943210993030300e-01
-3.754750296403350784e-01
-3.754700940918374585e-01
-3.754542958292947374e-01
-3.754545662703083209e-01
-3.754393314265438986e-01
-3.754403455803447809e-01
-3.754220908119288436e-01
-3.754196568428067038e-01
-3.753947537328071737e-01
-3.753881730014769769e-01
-3.753557876901020274e-01
-3.753444066307809468e-01
-3.753055532718314602e-01
-3.752877267016869745e-01
-3.752368161808825042e-01
-3.752091410504938551e-01
-3.751446408687574841e-01
-3.751058776568125253e-01
-3.750296583644881498e-01
-3.749807536145343123e-01
-3.748927476013684812e-01
-3.748346253202021749e-01
-3.747358467399958259e-01
-3.746685745378703913e-01
-3.745597896401620108e-01
-3.744842689871226704e-01
-3.743664017787085574e-01
-3.742835341448005892e-01
-3.741594017195721267e-01
-3.740709900448859759e-01
-3.739394655652866217e-01
-3.738452394088087050e-01
-3.737072018081325497e-01
-3.736148236652473975e-01
-3.734746676099648943e-01
-3.733789089544101159e-01
-3.732341328651458401e-01
-3.731358050199621301e-01
-3.729876709547793601e-01
-3.728879007575233162e-01
-3.727378510684944413e-01
-3.726378555037270224e-01
-3.724868818079017929e-01
-3.723874271251615409e-01
-3.722358900105580126e-01
-3.721376748491299624e-01
-3.719879181378658028e-01
-3.718925876805824760e-01
-3.717448818136712130e-01
-3.716524811340348733e-01
-3.715066007439651874e-01
-3.714186398043016757e-01
-3.712768611029377830e-01
-3.711942188365411344e-01
-3.710568348016477502e-01
-3.709792182307532493e-01
-3.708449217307647761e-01
-3.707727365168928535e-01
-3.706428572201260208e-01
-3.705748187684620998e-01
-3.704504384389711857e-01
-3.703875383665651277e-01
-3.702657723002054091e-01
-3.702065907917359011e-01
-3.700871234739915305e-01
-3.700312548679382529e-01
-3.699138609312979109e-01
-3.698604939046201689e-01
-3.697447902243146123e-01
-3.696936317992476906e-01
-3.695791225667520719e-01
-3.695294966407620119e-01
-3.694155057535424280e-01
-3.693668939813532504e-01
-3.692528129471291387e-01
-3.692041786381888846e-01
-3.690894440381819464e-01
-3.690410350967529562e-01
-3.689259173719768303e-01
-3.688778690185659515e-01
-3.687622104117626587e-01
-3.687137789335825921e-01
-3.685970836362272851e-01
-3.685480887392689198e-01
-3.684299285530900914e-01
-3.683802350168466910e-01
-3.682611057503692442e-01
-3.682112093833656563e-01
-3.680910434263361952e-01
-3.680404484200475168e-01
-3.679189302579502496e-01
-3.678673210978606889e-01
-3.677434816503969417e-01
-3.676902047707237275e-01
-5.963529947556078792e-01
-5.946442582848703307e-01
-5.942054226668512795e-01
-5.932306631069417246e-01
-5.929367387986937965e-01
-5.923995978722421674e-01
-5.921639536024185801e-01
-5.917756904539370755e-01
-5.915170586979598966e-01
-5.911452924513062035e-01
-5.907727599551140241e-01
-5.903080070732945606e-01
-5.897523860109157301e-01
-5.891040036808824487e-01
-5.883473097249145578e-01
-5.874727936340349288e-01
-5.864476418985968831e-01
-5.853313064680836231e-01
-5.840627578204329318e-01
-5.826967602608926766e-01
-5.811928828579341344e-01
-5.796107578550493411e-01
-5.778778619870995614e-01
-5.761255394396750384e-01
-5.741872436219190856e-01
-5.722451616299731869e-01
-5.701270225381934731e-01
-5.680391728399335483e-01
-5.658134432982553363e-01
-5.636766888500415185e-01
-5.614461364436212909e-01
-5.593348034506830935e-01
-5.571440058732576306e-01
-5.550839665258930911e-01
-5.529495558997968852e-01
-5.509646540807024984e-01
-5.489140350953106706e-01
-5.470370392406305182e-01
-5.451065862122680405e-01
-5.433633234387981181e-01
-5.415907178153558377e-01
-5.399996682590233466e-01
-5.383734162974245230e-01
-5.369370590008538668e-01
-5.354740632644465759e-01
-5.342123657891396649e-01
-5.329132122334533372e-01
-5.318203150241160859e-01
-5.306933422470690997e-01
-5.298037265329317291e-01
-5.288526756352118774e-01
-5.281130194630988539e-01
-5.273151283260638644e-01
-5.267370606595587201e-01
-5.261073387594618067e-01
-5.256867579098587484e-01
-5.251864871082572161e-01
-5.248855313336564521e-01
-5.245019107559079075e-01
-5.243096722687621281e-01
-5.240219230303240217e-01
-5.239232120603710685e-01
-5.237199305651711878e-01
-5.237046055744022377e-01
-5.235750643289024397e-01
-5.236242395198698052e-01
-5.235526627982783898e-01
-5.236594869986384015e-01
-5.236433056113265483e-01
-5.237936708148712706e-01
-5.238106184517216102e-01
-5.239919491513200800e-01
-5.240397270637173754e-01
-5.242470201006185215e-01
-5.243191377042371037e-01
-5.245466687436536324e-01
-5.246334803090094701e-01
-5.248568195127157887e-01
-5.249440367395920015e-01
-5.251604796974522760e-01
-5.252247545116772720e-01
-5.254338504886688632e-01
-5.255073653708575154e-01
-5.257177234059124959e-01
-5.257922299051509540e-01
-5.259947902243146123e-01
-5.260663218724037637e-01
-5.262614901371964748e-01
-5.263232859087971782e-01
-5.265150736609203186e-01
-5.265756524479598966e-01
-5.267589213081556032e-01
-5.268116122322994421e-01
-5.269858213185405482e-01
-5.270311201883134400e-01
-5.271948722220298755e-01
-5.272298041862826246e-01
-5.273816117418997917e-01
-5.274091967252838575e-01
-5.275532065650097024e-01
-5.275743009640680992e-01
-5.277133527185451367e-01
-5.277351232201374920e-01
-5.278715156379811813e-01
-5.278937368745961756e-01
-5.280320223795347268e-01
-5.280557310417243189e-01
-5.281921234595680081e-01
-5.282171843268254063e-01
-5.283515484370673310e-01
-5.283781868769038548e-01
-5.285135876776977382e-01
-5.285435615567017908e-01
-5.286802244155589525e-01
-5.287155620413320767e-01
-5.288534418847502527e-01
-5.288901767890935579e-01
-5.290284622940321091e-01
-5.290682171230268738e-01
-5.292081252740469255e-01
-5.292520268652497473e-01
-5.293945042058986195e-01
-5.294444005729022074e-01
-5.295899879852072889e-01
-5.296418225128081136e-01
-5.297884916891673068e-01
-5.298386134236822143e-01
-5.299874461281500748e-01
-5.300434274179590677e-01
-5.301974435751869441e-01
-5.302665863276562197e-01
-5.304281748332640989e-01
-5.305021855239776540e-01
-5.306664784397212564e-01
-5.307449964806609799e-01
-5.309123093210560418e-01
-5.309954699327287253e-01
-5.285247208327563673e-01
-5.258849460993030300e-01
-5.232271870384472834e-01
-5.206631808622957935e-01
-5.182119485888027066e-01
-5.158737155854795642e-01
-5.136594347133758287e-01
-5.115579277439306072e-01
-5.095771276135419026e-01
-5.077011684494138199e-01
-5.059525870026769789e-01
-5.043283633486799200e-01
-5.028209251390427514e-01
-5.013863257090602765e-01
-5.000450735022615723e-01
-4.987787334562217567e-01
-4.976209304036278147e-01
-4.965599001603895335e-01
-4.955920819198282867e-01
-4.946787124699990601e-01
-4.938608988449644799e-01
-4.930891954127434862e-01
-4.923801441486660990e-01
-4.916799723645343123e-01
-4.910868501482738013e-01
-4.905290204842841506e-01
-4.900455620990261107e-01
-4.895813050257315502e-01
-4.891750575498476916e-01
-4.887847210202621584e-01
-4.884497347514538679e-01
-4.881295776648896800e-01
-4.878426848229945323e-01
-4.875812585098772134e-01
-4.873669340066232869e-01
-4.871817269858303434e-01
-4.870352381034800948e-01
-4.868965469370211130e-01
-4.867824208292947374e-01
-4.866711794257130852e-01
-4.866275482755238468e-01
-4.865372209769915912e-01
-4.865699443396335200e-01
-4.865221213537339606e-01
-4.865302345841410747e-01
-4.864869189484676282e-01
-4.864694304295901217e-01
-4.864235005307855353e-01
-4.863683756375196121e-01
-4.862809330431320798e-01
-4.862037672072602179e-01
-4.861178120384473389e-01
-4.860453338468106455e-01
-4.859569897823779461e-01
-4.858784717414382226e-01
-4.857920658376027045e-01
-4.857096264019661880e-01
-4.856030726426197597e-01
-4.855010713070017636e-01
-4.853970416637819474e-01
-4.852952206221730069e-01
-4.851979970777947071e-01
-4.850781466352810933e-01
-4.849831767660158777e-01
-4.848679688942352239e-01
-4.847607390323548371e-01
-4.846174954421674785e-01
-4.844848441250115267e-01
-4.843466036935751839e-01
-4.842156200960029411e-01
-4.840831039993538365e-01
-4.839614055432474582e-01
-4.838295204756299928e-01
-4.836802821096418126e-01
-4.835304577881242571e-01
-4.833710328106249343e-01
-4.832110218775962363e-01
-4.830572761613818877e-01
-4.828475942288608658e-01
-4.826951105707098510e-01
-4.824951194411751243e-01
-4.823418695334856232e-01
-4.821475576652358708e-01
-4.819956599626142313e-01
-4.818039623574956187e-01
-4.816520195813717153e-01
-4.814620347693390756e-01
-4.813104075077310195e-01
-4.811228566648204641e-01
-4.809696969041354908e-01
-4.807812896646819767e-01
-4.806257410083771831e-01
-4.804350350203083209e-01
-4.802578961564201721e-01
-4.800565077483153198e-01
-4.798769799888073506e-01
-4.796855528247023215e-01
-4.795106225624249929e-01
-4.793082876107726542e-01
-4.791271372051832400e-01
-4.789164185821102038e-01
-4.787269295786024115e-01
-4.785105767677467203e-01
-4.783219892342841506e-01
-4.781043743653650702e-01
-4.779184461685359597e-01
-4.777015975491553657e-01
-4.775177878069325477e-01
-4.772991813209637169e-01
-4.771165885633019688e-01
-4.768997399439213747e-01
-4.767196262288839748e-01
-4.764930868065171410e-01
-4.763008933928736255e-01
-4.760718298543801241e-01
-4.758761207075602462e-01
-4.756408820992569231e-01
-4.754467054515139068e-01
-4.752123683132558063e-01
-4.750249977643543065e-01
-4.747948073883042630e-01
-4.746106821315655977e-01
-4.743834666066648054e-01
-4.742042543616726835e-01
-4.739817715545093790e-01
-4.737766871192190532e-01
-4.735381581452506317e-01
-4.733282508452182902e-01
-4.730816537143450740e-01
-4.728796793507107910e-01
-4.726339836898827418e-01
-4.724344432953706541e-01
-4.721897392515923553e-01
-4.719878099614603362e-01
-4.717442778287408989e-01
-4.715514984595680081e-01
-4.713153583812194070e-01
-4.711265004067433093e-01
-4.708926140035077923e-01
-4.707125002884703924e-01
-4.704840677790085857e-01
-4.703086417082064097e-01
-4.700807951542739782e-01
-4.699067212885396638e-01
-4.696808128952044692e-01
-4.695082264550447526e-01
-4.692881776170035879e-01
-4.691205943355949426e-01
-4.688924322671466638e-01
-4.687187640629327245e-01
-4.684831648666112902e-01
-4.683034117395920015e-01
-4.680619980614788012e-01
-4.678737711160343427e-01
-4.676253259715683619e-01
-4.674307887358072344e-01
-4.671785123436490439e-01
-4.669765830535170248e-01
-4.667187175470783878e-01
-4.665129570092541034e-01
-4.662501784910689784e-01
-4.660426150131542489e-01
-4.657780335548786232e-01
-4.655676755198236982e-01
-4.652979556822902096e-01
-4.650820085329548381e-01
-4.648108463433490156e-01
-4.645893100797331976e-01
-4.643135053193944706e-01
-4.640915633942582774e-01
-4.638103047401458401e-01
-4.635859739193898266e-01
-4.633035433542185833e-01
-4.630765531968291104e-01
-4.627872714593141423e-01
-4.625470296922597480e-01
-4.622526546489891808e-01
-4.620106550153466052e-01
-4.617100598287639523e-01
-4.614617048313024994e-01
-4.611575488380411647e-01
-4.609045061963444878e-01
-4.605934539572371644e-01
-4.603327037466537486e-01
-4.600146651146958532e-01
-4.597498132154066441e-01
-4.594270418657112609e-01
-4.591634520244853856e-01
-4.588368945006000010e-01
-4.585639293709037334e-01
-4.582285374405750678e-01
-4.579462871694128800e-01
-4.576028270821794752e-01
-4.573123283601033817e-01
-4.569579604853226118e-01
-4.566562835346856808e-01
-4.562919544159050877e-01
-4.559795048982276389e-01
-4.556035918893658332e-01
-4.552830291412812702e-01
-4.548991381225191422e-01
-4.545673069988692139e-01
-4.541725983395643040e-01
-4.538263887686928566e-01
-4.534121182094064673e-01
-4.530487356341733607e-01
-4.526230614788147588e-01
-4.522471935434551615e-01
-4.518159753473183771e-01
-4.514301010944567483e-01
-4.509836480545555415e-01
-4.505854687355764776e-01
-4.501223384998384591e-01
-4.497200574921536020e-01
-4.492536368907504851e-01
-4.488441891962060559e-01
-4.483424309690298148e-01
-4.479144129915536010e-01
-4.474100855747484284e-01
-4.469507415132004113e-01
-4.464307735911104968e-01
-4.459459630007846509e-01
-4.454042245771023811e-01
-4.449070187736545723e-01
-4.443495496976830328e-01
-4.438436447082987346e-01
-4.432858601178112923e-01
-4.427840568171328428e-01
-4.422264975941567200e-01
-4.417341597289531907e-01
-4.411738510223391363e-01
-4.406834513177328438e-01
-4.401206635684944413e-01
-4.396203927668928535e-01
-4.390617517798624525e-01
-4.385700449436905624e-01
-4.380193819665604837e-01
-4.375432705621711271e-01
-4.370050929451675392e-01
-4.365448023400719801e-01
-4.360276289751223167e-01
-4.355896948271485436e-01
-4.350942468902889160e-01
-4.346819144915997635e-01
-4.342126993330563955e-01
-4.338498125663481919e-01
-4.334155744455598369e-01
-4.330752244299824749e-01
-4.326763239349672441e-01
-4.323745117638235214e-01
-4.320159520533324304e-01
-4.317505141985137906e-01
-4.314215227055063218e-01
-4.312150860651481343e-01
-4.309524427674697455e-01
-4.307956320531016181e-01
-4.305781974781916488e-01
-4.304641615174697455e-01
-4.302876086091110275e-01
-4.302134626978906806e-01
-4.300731038118480454e-01
-4.300329433213329611e-01
-4.299355845564478695e-01
-4.299333308813347854e-01
-4.298585088675805355e-01
-4.298791976051186126e-01
-4.298250192554001758e-01
-4.298648191578971489e-01
-4.298299322671466638e-01
-4.298909167157066169e-01
-4.298702730516708037e-01
-4.299454556534431648e-01
-4.299391453631265514e-01
-4.300197818586725673e-01
-4.300299233966814461e-01
-4.301255693684805648e-01
-4.301483765606249343e-01
-4.302530823063786536e-01
-4.302854000075002072e-01
-4.304171498546109365e-01
-4.304633952679313147e-01
-4.305903222503000283e-01
-4.306495939057740086e-01
-4.307756644915997635e-01
-4.308310598258792701e-01
-4.309671367292070565e-01
-4.310307354408982050e-01
-4.311599160983799472e-01
-4.312208103999353725e-01
-4.313453935601864742e-01
-4.314047102891627183e-01
-4.315372263858118784e-01
-4.316067297262992652e-01
-4.317321242095910616e-01
-4.317955877007754184e-01
-4.319143113057324901e-01
-4.319681290674328711e-01
-4.320882048774577489e-01
-4.321530205737099672e-01
-4.322646676388119391e-01
-4.323243900293086139e-01
-4.324267519529447212e-01
-4.324829586102649226e-01
-4.325798215666251112e-01
-4.326339548428413395e-01
-4.327264907429844154e-01
-4.327790464466214071e-01
-4.328679764665835927e-01
-4.329206673907274316e-01
-4.330118510858026459e-01
-4.330654885534939713e-01
-4.331513986488045864e-01
-4.332055319250207592e-01
-4.332877009196436924e-01
-4.333404369172897397e-01
-4.334190451052339910e-01
-4.334689865457398428e-01
-4.335433127509692453e-01
-4.336026745534478088e-01
-4.336732145844872099e-01
-4.337164851466583371e-01
-4.337788218002861518e-01
-4.338167286156881519e-01
-4.338715830679405472e-01
-4.339048923861119067e-01
-4.339545633856041751e-01
-4.339843569705991166e-01
-4.340293853993584250e-01
-4.340559336921905320e-01
-4.340967252117373110e-01
-4.341201634329133197e-01
-4.341568081902519860e-01
-4.341770011192652157e-01
-4.342092737468845054e-01
-4.342263115307394283e-01
-4.342544373961506610e-01
-4.342823378940505741e-01
-4.343024406760592759e-01
-4.343217321350272275e-01
-4.343325497755700093e-01
-4.343430068280947354e-01
-4.343476493988276399e-01
-4.343530131455967669e-01
-4.343529680720945030e-01
-4.343547259386827397e-01
-4.343508045439859466e-01
-4.343444942536693332e-01
-4.343321891875518981e-01
-4.343241661041493673e-01
-4.343092017013985284e-01
-4.342996461189190249e-01
-4.342820223795347823e-01
-4.342709342979784171e-01
-4.342446564461598935e-01
-4.342291511613818877e-01
-4.342035944855995311e-01
-4.341879990538170531e-01
-4.341606845114465152e-01
-4.341453595206775651e-01
-4.341183604928228745e-01
-4.341029904285516605e-01
-4.340748194896381640e-01
-4.340586831758284636e-01
-4.340249681961367845e-01
-4.340069838687344306e-01
-4.339739900650789184e-01
-4.339557803701652450e-01
-4.339236429630526914e-01
-4.339057487826548654e-01
-4.338712224799224360e-01
-4.338513901389273730e-01
-4.338142495730638037e-01
-4.337929748799962959e-01
-4.337535355655173785e-01
-4.337308635938798007e-01
-4.336891706042877992e-01
-4.336653267215914154e-01
-4.336216955714021770e-01
-4.335967699246515150e-01
-4.335511555403627759e-01
-4.335250129090510440e-01
-4.334773251436582764e-01
-4.334499655277854746e-01
-4.334007001898135258e-01
-4.333726193979045571e-01
-4.333216863403489549e-01
-4.332929294459060277e-01
-4.332405540362780361e-01
-4.332111661128034696e-01
-4.331575286451121443e-01
-4.331276899866149943e-01
-4.330727904608603351e-01
-4.330425912143450740e-01
-4.329866099245361366e-01
-4.329560050165005003e-01
-4.328990321096418126e-01
-4.328682018340949123e-01
-4.328103274571910020e-01
-4.327793619611372544e-01
-4.327205410406858577e-01
-4.326893952506231100e-01
-4.326298982276377547e-01
-4.325987073640727432e-01
-4.325383990180466931e-01
-4.325072081544816816e-01
-4.324462237059217284e-01
-4.324150779158589253e-01
-4.323534624382673330e-01
-4.323222715747023215e-01
-4.322602053620880902e-01
-4.322291947925320788e-01
-4.321664975508862083e-01
-4.321357123488415164e-01
-4.320725643721730069e-01
-4.320419594641373706e-01
-4.319784058259484860e-01
-4.319480262854241692e-01
-4.318834810301855343e-01
-4.318519295786024115e-01
-4.317861673388027066e-01
-4.317548412547309034e-01
-4.316887635004154067e-01
-4.316576627838548674e-01
-4.315912244415212595e-01
-4.315604843129788870e-01
-4.314937755296316957e-01
-4.314634861361119067e-01
-4.313965069117511320e-01
-4.313665781062493987e-01
-4.312994185878796238e-01
-4.312698954438982657e-01
-4.312025556315194352e-01
-4.311733480020539244e-01
-4.311057377486615105e-01
-4.310769808542185833e-01
-4.310092353803193777e-01
-4.309808390738945616e-01
-4.309129133059863559e-01
-4.308849677345841234e-01
-4.308169067461691260e-01
-4.307893217627850047e-01
-4.307211706273654794e-01
-4.306939913055017333e-01
-4.306256148025708330e-01
-4.305989312892319898e-01
-4.305304646392966172e-01
-4.305040515669713019e-01
-4.304354496965291377e-01
-4.304094873592264614e-01
-4.303407502682775054e-01
-4.303151935924951488e-01
-4.302464114280439289e-01
-4.302212604137819474e-01
-4.301524782493307275e-01
-4.301278681170959128e-01
-4.300590859526446930e-01
-4.300350167024369896e-01
-4.299662345379857697e-01
-4.299426610963029693e-01
-4.298739240053540134e-01
-4.298507562251915326e-01
-4.297815683992199931e-01
-4.297586710600710957e-01
-4.296890324990769172e-01
-4.296659097924167003e-01
-4.295963613784270496e-01
-4.295733288187713605e-01
-4.295039606987907099e-01
-4.294811985801486043e-01
-4.294118755336702731e-01
-4.293896092235530149e-01
-4.293204664710837393e-01
-4.292987861164959118e-01
-4.292297335110311085e-01
-4.292085489649681285e-01
-4.291396766535124363e-01
-4.291190329894766231e-01
-4.290502508250254032e-01
-4.290301931165189653e-01
-4.289614560255700093e-01
-4.289419391990907382e-01
-4.288732922551463100e-01
-4.288544064576986781e-01
-4.287857595137542499e-01
-4.287674145983337848e-01
-4.286989479483984122e-01
-4.286812340620095862e-01
-4.286128124855764776e-01
-4.285955493342102907e-01
-4.285272629782839737e-01
-4.285105857824471620e-01
-4.284423895735253174e-01
-4.284263884802224642e-01
-4.283582824183052029e-01
-4.283427320600249333e-01
-4.282747612186144082e-01
-4.282597517423613054e-01
-4.281920513419643637e-01
-4.281776278212406361e-01
-4.281101077148527501e-01
-4.280963152231607172e-01
-4.280289754107818867e-01
-4.280159491686282847e-01
-4.279488347237607182e-01
-4.279375663481953529e-01
-4.278717590348933841e-01
-4.278609864678528663e-01
-4.277954495955644809e-01
-4.277851728370488105e-01
-4.277181485391858273e-01
-4.277071956781362538e-01
-4.276409376298117015e-01
-4.276307960918028228e-01
-4.275650789255053819e-01
-4.275557937840395173e-01
-4.274903921322579237e-01
-4.274819633873350178e-01
-4.274168772500692159e-01
-4.274091696811824770e-01
-4.273443089114280502e-01
-4.273371422245684226e-01
-4.272726420428321070e-01
-4.272661063850041741e-01
-4.272018766442813864e-01
-4.271959720154850926e-01
-4.271318324217668327e-01
-4.271266038955044975e-01
-4.270624643017861821e-01
-4.270576414370442220e-01
-4.269937722843395456e-01
-4.269894452281223773e-01
-4.269257112959244926e-01
-4.269219701952367552e-01
-4.268585067040524539e-01
-4.268552614118896193e-01
-4.267919782147143182e-01
-4.267892287310763311e-01
