-1.823144555091857910e-01
-1.891670703887939453e+00
-2.982844114303588867e-01
-9.921356836954752234e-01
2.994066079457600726e-01
-1.067130088806152344e+00
2.667846679687500000e-01
-1.235147237777709961e+00
1.839530467987060547e-02
-1.536149342854817634e+00
-1.751058697700500488e-01
-1.789652983347574944e+00
-3.341636260350545062e-01
-2.262705167134603013e+00
-3.830733299255371094e-01
-9.628417491912841797e-01
-1.564754446347554617e-01
-4.474895000457763672e-01
1.921930313110351562e-01
-1.040052572886149163e+00
3.004476428031921387e-02
-1.569966793060302734e+00
-1.695719559987386160e-01
-1.576839923858642578e+00
1.059015591939290422e-02
-1.077250957489013672e+00
4.122131665547688617e-01
-9.154348373413085938e-01
4.576023022333781110e-01
-8.934619426727294922e-01
4.766249259312947406e-01
-7.856200536092122766e-01
4.079151153564453125e-01
-5.076444943745931360e-01
-1.747453212738037109e-02
-1.465771039326985603e+00
-6.489336490631103516e-02
-9.034539858500162390e-01
1.671000123023986816e-01
-1.085444688796997070e+00
1.127683321634928432e-01
-1.182120561599731445e+00
5.155046780904134346e-02
-1.338574409484863281e+00
-1.050505538781483922e-01
-1.302842537562052483e+00
-6.077903509140014648e-02
-1.144937833150227791e+00
4.512731234232584404e-02
-1.190240701039632087e+00
1.720905303955078125e-03
-1.194834709167480469e+00
4.003757238388061523e-02
-7.028303941090902063e-01
-1.415374378363291330e-01
-9.896823565165201453e-01
-9.293286005655924942e-02
-1.052525202433268303e+00
-7.843454678853353443e-03
-1.042452096939086914e+00
-3.700872659683227539e-01
-6.614901224772135047e-01
-2.859382828076680316e-01
-6.596411863962808875e-01
-3.014609813690185547e-01
-6.695150534311929968e-01
-1.181910733381907191e-01
-6.726415952046712610e-01
4.288265307744343890e-01
-6.547857125600179407e-01
1.436901887257893806e+00
-6.405499776204427453e-01
2.410095532735188950e+00
-1.071297486623128181e+00
3.375427881876627456e+00
-1.160389105478922600e+00
4.033123334248860381e+00
-1.502983093261718750e+00
5.201839129130045869e+00
-1.339249451955159431e+00
5.399182001749674775e+00
-1.441850185394287109e+00
5.804138183593750000e+00
-1.114215850830078125e+00
5.592136383056640625e+00
-2.038793722788492691e+00
5.410084406534831025e+00
-2.564156373341878403e+00
5.154092788696289062e+00
-2.711453755696614731e+00
4.692924499511718750e+00
-2.259033838907877456e+00
4.108583450317382812e+00
-2.184148470560709487e+00
3.310411771138509263e+00
-2.248644351959228516e+00
2.821149190266927231e+00
-2.578791936238606919e+00
2.726003646850585938e+00
-2.975236574808756362e+00
2.491698741912841797e+00
-3.827175776163736831e+00
3.203397750854492188e+00
-3.971246083577474106e+00
3.441375096638997544e+00
-3.938591639200846206e+00
3.232332865397135269e+00
-2.897372245788574219e+00
2.866929690043131362e+00
-2.373211542765299331e+00
2.446114540100097656e+00
-2.150996049245198716e+00
1.969302972157796150e+00
-1.943287690480550056e+00
1.559307416280110603e+00
-1.871330897013346428e+00
1.295984188715616936e+00
-1.796673138936360603e+00
1.135266621907552009e+00
-1.659468015034993416e+00
1.048092683156331306e+00
-1.435803095499674553e+00
9.646112124125162390e-01
-1.057127237319946289e+00
8.571599324544271203e-01
-9.929347038269042969e-01
7.748780250549316406e-01
-1.052625020345052009e+00
6.848114331563314172e-01
-1.019335826237996345e+00
6.687324841817220422e-01
-9.209747314453125000e-01
6.640769243240356445e-01
-8.667100270589193078e-01
6.371298631032308313e-01
-8.656260172526041297e-01
6.572868824005126953e-01
-8.390690485636392859e-01
7.010467847188314172e-01
-7.183723449707031250e-01
7.324784596761068078e-01
-4.572366078694661273e-01
6.881000995635986328e-01
-4.734361966451008930e-01
7.309358119964599609e-01
-5.625964005788167688e-01
8.073829015096029016e-01
-5.598149299621582031e-01
7.607377370198568078e-01
-5.562384128570556641e-01
7.069053649902343750e-01
-7.125889460245767859e-01
7.231729825337728235e-01
-6.711929639180501672e-01
7.649277051289876672e-01
-6.283102035522460938e-01
7.674787839253743860e-01
-5.572681029637654992e-01
7.853262424468994141e-01
-6.580329736073812219e-01
8.155461947123209265e-01
-6.943782965342203406e-01
8.323613802591959265e-01
-7.091781298319498328e-01
8.448210557301839563e-01
-7.149837017059326172e-01
8.703316052754720422e-01
-7.534890969594320032e-01
9.336558183034261438e-01
-7.208461761474609375e-01
9.771411418914794922e-01
-7.643068631490071985e-01
1.045895894368489509e+00
-8.061785697937011719e-01
1.065404017766316658e+00
-8.113199869791666297e-01
1.052645126978556389e+00
-8.069399197896321985e-01
1.032433191935221428e+00
-7.934955755869547156e-01
1.007078647613525391e+00
-7.662878831227620813e-01
9.659729003906250000e-01
-7.299886544545491907e-01
9.013120333353678015e-01
-6.951557795206705359e-01
8.233520189921060828e-01
-6.631060441335042688e-01
7.391792933146158484e-01
-6.315499146779378625e-01
6.571225325266519812e-01
-6.026649475097656250e-01
5.822013616561889648e-01
-5.682222048441568640e-01
5.090288321177164343e-01
-5.302006800969442102e-01
4.399894475936889648e-01
-4.960503180821736469e-01
3.794025182723999023e-01
-4.627334276835123883e-01
3.284992774327595844e-01
-4.353645245234171735e-01
2.854137420654296875e-01
-4.128494660059611188e-01
2.492120663324991769e-01
-3.906250000000000000e-01
2.217900355656941824e-01
-3.678137461344401227e-01
2.016370892524719238e-01
-3.458874225616455078e-01
1.874659856160481863e-01
-3.275390068689982281e-01
1.773833036422729492e-01
-3.119056622187296735e-01
1.714239517847696848e-01
-2.972273826599121094e-01
1.678179105122884207e-01
-2.852618892987568988e-01
1.690426866213480539e-01
-2.695638338724772320e-01
1.748620669047037668e-01
-2.533896962801615582e-01
1.825584967931111746e-01
-2.399130264918009348e-01
1.913396517435709543e-01
-2.293979525566101074e-01
2.045469681421915598e-01
-2.238847812016805106e-01
2.256507078806559152e-01
-2.285848061243692941e-01
2.540216843287150250e-01
-2.355012893676757812e-01
2.785193125406901227e-01
-2.368727127710978098e-01
2.944711049397786273e-01
-2.341664632161458426e-01
3.064415852228800641e-01
-2.321293354034423828e-01
3.167839646339416504e-01
-2.297001083691914969e-01
3.206532398859660016e-01
-2.258760531743367606e-01
3.188567161560058594e-01
-2.228678067525227957e-01
3.137849171956380023e-01
-2.212369044621785574e-01
3.053397933642069684e-01
-2.196818391482035226e-01
2.937775651613871442e-01
-2.183141311009725027e-01
3.244683329264322680e+01
3.432779312133789062e+00
4.646205266316731475e+00
-1.355351511637369732e+01
8.086675643920898438e+00
-5.255910873413085938e+00
1.617422612508137902e+01
-5.715052286783854456e-03
1.744337209065755090e+01
-1.900900840759277344e+00
1.457562001546224018e+01
-4.704621632893879912e+00
1.167705408732096295e+01
-5.784475962320963838e+00
9.662166595458984375e+00
-6.475999196370442412e+00
8.375363667805990175e+00
-7.078464508056640625e+00
7.458922068277995088e+00
-7.791959126790364287e+00
6.831771850585937500e+00
-7.994853337605793975e+00
6.559693018595377900e+00
-7.910774866739909150e+00
6.209228515625000000e+00
-8.416662851969400450e+00
4.254386583964030244e+00
-8.190151214599609375e+00
5.234345118204752900e+00
-6.489830017089843750e+00
5.660074234008789062e+00
-5.477916717529296875e+00
5.436684926350911162e+00
-4.611519495646159150e+00
5.056084950764973662e+00
-4.220682462056477569e+00
4.433984120686848662e+00
-4.186750411987304688e+00
3.995404561360677231e+00
-4.066233317057291963e+00
3.979684829711914062e+00
-3.944741249084472656e+00
3.732808748881021987e+00
-3.777134259541829575e+00
3.309974034627278794e+00
-4.043100039164225556e+00
3.340685208638509263e+00
-3.852378527323404800e+00
3.252689361572265625e+00
-3.619053204854329575e+00
3.092086791992187500e+00
-3.915825525919596206e+00
3.053582827250162612e+00
-3.677810033162435044e+00
3.021440823872884263e+00
-3.599735260009765625e+00
2.893773714701334487e+00
-3.506695747375488281e+00
2.961030006408691406e+00
-3.239254315694173325e+00
2.915404955546061050e+00
-3.103721936543782700e+00
2.849035898844400894e+00
-2.717386881510416519e+00
2.729157765706380356e+00
-2.825890223185221206e+00
2.633668740590413559e+00
-2.810048421223958481e+00
2.611056327819824219e+00
-2.620071729024251450e+00
2.545512040456136216e+00
-2.112555821736653794e+00
2.393043518066406250e+00
-2.284903844197591294e+00
2.377240498860677231e+00
-2.230088075002034653e+00
2.244328180948893081e+00
-1.913469473520914788e+00
2.178586165110270034e+00
-2.089223543802896987e+00
2.038063208262125503e+00
-1.899380207061767578e+00
1.930238564809163337e+00
-1.757810910542805916e+00
1.769622166951497322e+00
-1.796133677164713616e+00
1.760101159413655525e+00
-1.738552729288737053e+00
1.703358014424641853e+00
-1.556553840637207031e+00
1.566335995992024666e+00
-1.641069730122884041e+00
1.540187835693359375e+00
-1.648891290028889900e+00
1.496779759724934822e+00
-1.590566317240397209e+00
1.490490754445393806e+00
-1.217597166697184319e+00
1.366459369659423828e+00
-1.402594566345214844e+00
1.411884466807047600e+00
-1.444701671600341797e+00
1.381284236907958984e+00
-7.155911922454833984e-01
1.009323676427205330e+00
-1.092076063156127930e+00
1.146634260813395256e+00
-1.136316617329915291e+00
1.120862245559692383e+00
-1.226019779841105217e+00
1.144494454065958733e+00
-1.095218578974405998e+00
1.209478457768758064e+00
-9.754854838053385047e-01
1.165348052978515625e+00
-9.983822504679361609e-01
1.188889106114705330e+00
-1.010001023610432869e+00
1.174929141998291016e+00
-9.112405776977539062e-01
1.137051979700724358e+00
-8.754382133483886719e-01
1.108761787414550781e+00
-9.292249679565429688e-01
1.096664428710937500e+00
-9.422829151153564453e-01
1.085046132405598884e+00
-8.794120152791341516e-01
1.053587595621744866e+00
-4.734954833984375000e-01
8.479543526967366907e-01
-7.229210535685220984e-01
8.717290560404459265e-01
-7.779460748036702844e-01
8.051653703053792688e-01
-8.601232369740804407e-01
8.152730464935302734e-01
-8.798271814982095984e-01
8.816764354705810547e-01
-7.287961641947428015e-01
8.496083418528238562e-01
-8.766729036966959265e-01
9.099707603454589844e-01
-9.728343486785888672e-01
9.478605588277181360e-01
-9.538909594217935828e-01
9.578503767649332312e-01
-8.432022730509439734e-01
9.406119187672933313e-01
-9.292666912078857422e-01
9.610706170399984094e-01
-9.724991321563720703e-01
9.592840671539306641e-01
-9.470326900482177734e-01
9.309771855672200891e-01
-9.758775234222412109e-01
8.936642805735269812e-01
-1.042909145355224609e+00
8.889455795288085938e-01
-1.017356395721435547e+00
8.740544319152832031e-01
-8.994122346242269250e-01
8.155386447906494141e-01
-9.540383021036783484e-01
8.308772246042887000e-01
-9.986374378204345703e-01
8.248907725016275672e-01
-9.612908363342285156e-01
7.917826970418294641e-01
-9.448064168294271203e-01
7.675094604492187500e-01
-9.621292750040689734e-01
7.524656454722086218e-01
-9.551769892374674109e-01
7.422636349995931360e-01
-9.224383036295572547e-01
7.475900650024414062e-01
-8.712043762207031250e-01
7.544716199239095422e-01
-7.980117003122965125e-01
7.481820583343505859e-01
-5.679822365442911414e-01
6.588338216145833703e-01
-6.048846244812011719e-01
6.483773390452066687e-01
-6.949211756388345984e-01
6.023428837458292273e-01
-7.407728830973306922e-01
5.918398698170980188e-01
-7.073980967203775672e-01
6.057187716166178015e-01
-5.686879952748616907e-01
5.910592079162597656e-01
-5.750325520833333703e-01
5.970855951309204102e-01
-6.288778781890869141e-01
5.699454545974731445e-01
-6.280708710352579383e-01
5.517142613728841516e-01
-4.706471761067708148e-01
5.170015494028726843e-01
-5.195733706156412390e-01
5.294870932896932336e-01
-5.602334340413411828e-01
4.779656728108723773e-01
-5.534615516662597656e-01
4.486455122629801617e-01
-5.468770265579223633e-01
4.505258401234944476e-01
-5.408388773600260047e-01
4.415643612543742047e-01
-5.309133529663085938e-01
4.333225886027018414e-01
-4.876399040222167969e-01
4.165293375651041852e-01
-4.966611862182617188e-01
4.213611682256062640e-01
-4.974313974380493164e-01
4.155847628911336078e-01
-4.401143391927083148e-01
3.981888294219970703e-01
-4.442814191182454242e-01
4.031411806742350445e-01
-4.662743012110392438e-01
4.016545613606770648e-01
-4.594171841939290180e-01
4.043394327163696289e-01
-4.259788592656453265e-01
4.088112115859985352e-01
-2.600993911425272809e-01
3.516174952189127789e-01
-3.040202856063842773e-01
3.591559727986653461e-01
-3.865801493326823102e-01
3.261079390843709125e-01
-4.324150085449218750e-01
3.258103529612223492e-01
-4.130896727244059430e-01
3.406425317128499164e-01
-3.596963485081990375e-01
3.350962400436401367e-01
-3.810365994771321430e-01
3.440252939860026227e-01
-3.994348843892415180e-01
3.330356677373250140e-01
-3.750664393107096539e-01
3.120665748914082660e-01
-3.721714019775390625e-01
3.002946178118388043e-01
-3.921445608139038086e-01
2.962930997212727680e-01
-3.761866092681884766e-01
2.851892312367756976e-01
-3.191039363543192731e-01
2.599550684293110980e-01
-3.518858750661214008e-01
2.616507808367411481e-01
-3.811428546905517578e-01
2.596470316251118793e-01
-3.687112331390380859e-01
2.583206097284952985e-01
-3.079521457354227887e-01
2.374755342801412039e-01
-3.333408832550048828e-01
2.495185732841491699e-01
-3.390095631281535016e-01
2.404569387435913086e-01
-3.163846135139465332e-01
2.290618419647216797e-01
-3.154582778612772809e-01
2.271911501884460449e-01
-3.235236406326293945e-01
2.311983505884806223e-01
-3.074856996536254883e-01
2.217731475830078125e-01
-2.922879656155903949e-01
2.101671497027079172e-01
-3.031791249910990582e-01
2.138095498085021973e-01
-2.981508374214172363e-01
2.102704445521036691e-01
-2.708757718404133930e-01
1.945721109708150320e-01
-2.782243291536967145e-01
1.923018097877502441e-01
-2.827230691909790039e-01
1.922422250111897879e-01
-2.694418231646220074e-01
1.900252898534139090e-01
-1.902375618616739816e-01
1.474684079488118582e-01
-2.363644639650980539e-01
1.576791604359944754e-01
-2.634321649869282855e-01
1.537992159525553293e-01
-2.571032047271728516e-01
1.543435255686441965e-01
-2.424419323603312082e-01
1.648722489674886160e-01
-2.307988405227661133e-01
1.717388033866882324e-01
-2.205887436866760254e-01
1.695638895034790039e-01
-2.083848714828491211e-01
1.632030407587687082e-01
-1.512113809585571289e-01
1.223595937093098912e-01
-1.939816673596700125e-01
1.283822854359944754e-01
-2.202954093615213937e-01
1.184670925140380859e-01
-2.195675770441690988e-01
1.205706397692362514e-01
-2.010760108629862375e-01
1.327312986056009836e-01
-1.845631599426269531e-01
1.396924455960591727e-01
-1.734727819760640555e-01
1.361786325772603445e-01
-1.699421604474385672e-01
1.293396552403767996e-01
-1.730335354804992676e-01
1.243215998013814244e-01
-1.750501791636148996e-01
1.236244638760884557e-01
-1.630638043085733957e-01
1.179179350535074916e-01
-1.640733877817789621e-01
1.161200801531473842e-01
-1.708309849103291922e-01
1.150783101717631068e-01
-1.652310689290364676e-01
1.122885147730509486e-01
-1.214767694473266602e-01
8.758815129597981308e-02
-1.411884824434916086e-01
8.583517869313557480e-02
-1.695479154586791992e-01
7.647011677424113418e-02
-1.736434300740559988e-01
8.228063583374023438e-02
-1.596462329228719168e-01
9.447018305460612442e-02
-1.429413954416910715e-01
9.821407000223796036e-02
-1.391533017158508301e-01
9.748190641403198242e-02
-1.431277195612589426e-01
9.430948893229167129e-02
-1.400307814280191965e-01
8.908514181772868301e-02
-1.347063382466634207e-01
8.114449183146159317e-02
-1.415597399075826102e-01
8.148282766342163086e-02
-1.469975312550862723e-01
7.985176642735798691e-02
-1.423315405845642090e-01
8.054804801940917969e-02
-1.112804611523946080e-01
6.693939367930094864e-02
-9.193082650502522324e-02
6.321815649668376114e-02
-1.025971968968709264e-01
7.488671938578288223e-02
-5.249295632044474053e-02
1.050510605176289830e-01
-4.326595862706502510e-02
9.415910641352336075e-02
-6.064109007517496513e-02
6.657954057057698105e-02
-8.306638399759928848e-02
4.413700103759765625e-02
-9.046057860056559707e-02
3.682967027028401924e-02
-8.486749728520710800e-02
4.340114196141561104e-02
-6.809208790461222793e-02
5.570302406946817803e-02
-5.737737814585367607e-02
6.223340829213460518e-02
-4.452892144521077705e-02
6.918724377950032089e-02
-3.576596577962239815e-02
7.395104567209880020e-02
-2.950731913248698032e-02
7.575297355651855469e-02
-2.667655547459920132e-02
7.146145900090535019e-02
-2.865821123123168945e-02
6.496624151865641739e-02
-3.602240482966104912e-02
6.095270315806070732e-02
-3.684582312901815010e-02
5.905310312906900810e-02
-3.995755314826965332e-02
5.701405803362528252e-02
-4.264104366302490234e-02
5.230639378229776787e-02
-4.418430725733438896e-02
5.308045943578084541e-02
-3.980404138565063477e-02
5.769477287928263115e-02
-3.029123942057291782e-02
6.589168310165405273e-02
-1.954321066538492954e-02
7.537766297658284043e-02
-1.054197549819946289e-02
8.309958378473918106e-02
-1.949071884155273438e-03
9.019531806310017441e-02
9.911070267359415112e-03
1.018495957056681361e-01
2.774062752723693848e-02
1.201335390408833775e-01
4.430224498112996651e-02
1.310880780220031738e-01
5.138560136159261299e-02
1.353560090065002441e-01
5.619632204373677803e-02
1.386104623476664133e-01
6.019731362660726143e-02
1.403927008310953684e-01
6.257532040278117325e-02
1.413829127947489328e-01
6.339402993520100449e-02
1.409509579340616769e-01
6.220960617065429688e-02
1.370929082234700613e-01
5.776192247867584229e-02
1.306307514508565359e-01
5.241322020689646172e-02
1.246446569760640416e-01
4.860015710194905830e-02
1.202073891957600865e-01
4.704538981119791435e-02
1.174739201863606725e-01
4.650236169497171806e-02
1.149198611577351842e-01
4.602865378061930107e-02
1.113950411478678432e-01
4.431127011775970459e-02
1.069210569063822475e-01
4.126485188802083565e-02
1.012832919756571498e-01
3.714310129483541084e-02
9.516301751136779785e-02
3.294831514358520508e-02
8.933358391125996445e-02
2.956150968869527065e-02
8.352428674697875977e-02
2.642964323361714565e-02
7.675311962763468887e-02
2.238191167513529575e-02
6.853411595026652481e-02
1.687006155649821079e-02
6.016459067662557197e-02
1.194165150324503523e-02
5.301130811373392510e-02
7.926394542058309498e-03
4.609997073809305596e-02
3.010441859563191876e-03
3.882910807927449776e-02
-1.981407403945922852e-03
3.173226118087768555e-02
-6.851504246393839807e-03
2.493607997894287109e-02
-1.150903105735778809e-02
1.918463905652363979e-02
-1.453750332196553606e-02
1.465519269307454485e-02
-1.701223850250244141e-02
1.092205444971720320e-02
-1.851244767506917202e-02
7.932970921198526440e-03
-1.962015032768249512e-02
5.738407373428344727e-03
-1.974820097287495815e-02
4.882077376047770471e-03
-1.930157343546549595e-02
3.735204537709554181e-03
-1.900305350621541225e-02
3.396769364674886212e-03
-1.762647430102030552e-02
4.089593887329101562e-03
-1.587625344594319546e-02
4.619201024373372107e-03
-1.477730274200439453e-02
4.271268844604492188e-03
-1.303468147913614851e-02
5.624244610468546839e-03
-1.081768671671549421e-02
6.692310174306233435e-03
-9.202917416890462818e-03
6.710867087046305628e-03
-9.127567211786905346e-03
5.762050549189249964e-03
-8.687307437260946216e-03
5.498001972834269495e-03
-7.913470268249511719e-03
5.294770002365112305e-03
-7.262398799260457068e-03
4.381269216537475586e-03
-6.968716780344645471e-03
3.092706203460693359e-03
-6.764809290568034143e-03
1.878519852956135995e-03
-6.065070629119873047e-03
1.088976860046386719e-03
-5.395630995432536096e-03
7.922053337097167969e-04
-3.925065199534098596e-03
1.245955626169840567e-03
-2.534240484237670898e-03
2.189377943674723163e-03
-1.333097616831461661e-03
3.071477015813191876e-03
-5.484024683634439743e-04
3.313392400741577148e-03
-1.285473505655924389e-04
3.463665644327799335e-03
-2.639691034952799660e-04
3.382086753845214844e-03
-8.967518806457519531e-05
3.458976745605468750e-03
2.477566401163737160e-04
3.664692242940267072e-03
4.947185516357421875e-04
3.799200057983398438e-03
8.878906567891439163e-04
4.012485345204670935e-03
1.184463500976562500e-03
4.005014896392822266e-03
1.521537701288859122e-03
4.322369893391926794e-03
2.090235551198323712e-03
5.027701457341511755e-03
2.920955419540405273e-03
5.461245775222778320e-03
3.665596246719360352e-03
6.047666072845458984e-03
4.080782334009806604e-03
6.107469399770100622e-03
4.703521728515625000e-03
6.695906321207682581e-03
5.273143450419108362e-03
7.095356782277424841e-03
5.797743797302246094e-03
7.423470417658488245e-03
6.278584400812785120e-03
7.474412520726521521e-03
6.743520498275756836e-03
7.982492446899414062e-03
7.137219111124674768e-03
8.100370566050211010e-03
7.278760274251301794e-03
8.070041735967000904e-03
7.440189520517985315e-03
7.770031690597534180e-03
7.204453150431315393e-03
7.445603609085083008e-03
7.206032673517863245e-03
7.174402475357055664e-03
6.795237461725871057e-03
6.732106208801269531e-03
6.772647301355998010e-03
6.498972574869791956e-03
6.674259901046752930e-03
6.266266107559204102e-03
6.721009810765584021e-03
6.156961123148600550e-03
6.785462299982706995e-03
5.926301081975300818e-03
6.635616223017374964e-03
5.767693122227986365e-03
6.343225638071696253e-03
5.429595708847045898e-03
6.366352240244547815e-03
5.111316839853922815e-03
6.047040224075317383e-03
5.034526189168293982e-03
5.847652753194172888e-03
4.782845576604207068e-03
5.519568920135498047e-03
4.560907681783040075e-03
5.547016859054565430e-03
4.278759161631266565e-03
5.134880542755126953e-03
3.995378812154133825e-03
4.668960968653361292e-03
3.426164388656616211e-03
4.619081815083821325e-03
3.368059794108072772e-03
4.631062348683674841e-03
3.520250320434570312e-03
4.640330870946248083e-03
3.218193848927815900e-03
4.420717557271321325e-03
2.682238817214965820e-03
4.101534684499104529e-03
2.494255701700846210e-03
3.858268260955810547e-03
2.247999111811319842e-03
3.725449244181314960e-03
2.058247725168863788e-03
3.729333480199178204e-03
1.872042814890543692e-03
3.599395354588826642e-03
1.531442006429036386e-03
3.540823856989542499e-03
1.439263423283894784e-03
3.931860129038493128e-03
1.655489206314086914e-03
4.152258237202961950e-03
1.257558663686116464e-03
4.214932521184285193e-03
1.210143168767293222e-03
4.159261782964070349e-03
1.186788082122802734e-03
4.198054472605387659e-03
1.111656427383422852e-03
4.256963729858398438e-03
8.512636025746663773e-04
4.539797703425089807e-03
7.223784923553466797e-04
4.554738601048787146e-03
3.870228926340739113e-04
4.763891299565632849e-03
6.042520205179849899e-04
4.892011483510334997e-03
4.627704620361328125e-04
4.824082056681315393e-03
3.525614738464355469e-05
4.833728075027465820e-03
6.422400474548339844e-05
4.874875148137410193e-03
2.382596333821614674e-04
5.040585994720458984e-03
-5.543231964111328125e-05
5.346149206161499023e-03
6.216764450073242188e-05
5.379925171534220667e-03
-5.276004473368326597e-05
5.496005217234293909e-03
-4.105667273203532082e-04
5.574723084767659216e-03
-1.764794190724690846e-04
5.488107601801554651e-03
-3.308157126108805519e-04
5.617290735244750977e-03
-2.001722653706868580e-04
5.510479211807250977e-03
-1.921951770782470703e-04
5.380014578501383753e-03
2.553761005401611328e-04
5.213677883148193359e-03
5.478362242380777633e-04
3.924538691838582068e-03
2.775490283966064453e-04
7.873078187306722367e-04
5.614956219991048538e-04
-2.054373423258463397e-03
1.400679349899291992e-03
-3.050456444422403827e-03
3.809869289398193359e-03
-5.090634028116861618e-04
7.358302672704060583e-03
3.468970457712809100e-03
9.591807921727498951e-03
7.079223791758219690e-03
9.640236695607503833e-03
8.122235536575317383e-03
7.182836532592773438e-03
7.052044073740641565e-03
3.675947586695353046e-03
5.521098772684733362e-03
9.612937768300374710e-04
4.757106304168701172e-03
-4.113614559173583984e-04
4.412839810053507776e-03
-6.718734900156656540e-04
4.391252994537353516e-03
-8.402665456136068070e-04
4.322379827499389648e-03
-5.715092023213704788e-04
3.847211599349975586e-03
-6.358822186787922725e-05
2.855420112609863281e-03
3.618001937866210938e-04
8.720656236012777054e-04
9.110371271769205368e-04
-1.356154680252075195e-03
2.442598342895507812e-03
-2.499302228291829572e-03
4.103660583496093750e-03
-1.604566971460978262e-03
6.975541512171427698e-03
1.290778319040934317e-03
9.270260731379190502e-03
3.751496473948160663e-03
1.001877586046854597e-02
5.030274391174316406e-03
8.984168370564779224e-03
4.424949487050374060e-03
6.607770919799804688e-03
2.975453933080037579e-03
4.731635252634684534e-03
1.805772384007771738e-03
3.215193748474121094e-03
6.168087323506673538e-04
2.799769242604573712e-03
-4.459619522094726562e-04
2.931296825408935547e-03
-2.224097649256388202e-03
3.175805012385050311e-03
-4.207640886306762695e-03
3.790438175201416016e-03
-5.342155694961547852e-03
5.440215269724528284e-03
-4.338095585505167932e-03
8.085280656814575195e-03
-1.905371745427449472e-03
1.007146636644999128e-02
7.370213667551676071e-04
1.112289230028788191e-02
1.952727635701497324e-03
1.060301065444946289e-02
1.600543657938639395e-03
8.970737457275390625e-03
1.586774984995523998e-04
7.004410028457641602e-03
-1.310457785924275644e-03
5.889544884363810510e-03
-3.040810426076253400e-03
5.297124385833740234e-03
-4.916250705718994141e-03
5.209773778915405273e-03
-6.356855233510334997e-03
6.056706110636393518e-03
-6.423781315485636682e-03
8.105933666229248047e-03
-4.832516113917033167e-03
9.991198778152465820e-03
-2.628763516743978009e-03
1.122591892878214460e-02
-8.713801701863607132e-04
1.140123605728149414e-02
-5.580286184946695602e-04
1.018137733141581160e-02
-1.622090737024943106e-03
8.142461379369100513e-03
-3.305663665135701642e-03
6.704032421112060547e-03
-5.223383506139119177e-03
6.060262521107991247e-03
-6.822874148686726599e-03
6.102701028188069372e-03
-7.910152276357015552e-03
7.506171862284342737e-03
-6.810148557027180700e-03
9.768644968668619213e-03
-4.322697718938191443e-03
1.172298192977905273e-02
-2.048452695210774884e-03
1.283101240793863874e-02
-8.539656798044840133e-04
1.234594980875650984e-02
-1.320034265518188477e-03
1.085039973258972168e-02
-2.920359373092651367e-03
8.939901987711587963e-03
-5.411932865778605432e-03
7.596393426259358435e-03
-7.594386736551920862e-03
7.346759239832560510e-03
-8.227894703547159252e-03
8.929441372553506909e-03
-6.850729386011759729e-03
1.133321722348531145e-02
